#multi:
	1.4/18.4			1.5/21.4			1.6/16			1.7/13.9			1.8 12.9			1.9 12.3			
t	x	y	v	x	y	v	x	y	v	x	y	v	x	y	v	x	y	v	
7.666636E-1										4.828048E0	-1.879548E1							
7.833302E-1										4.826655E0	-1.821447E1	3.389323E1						
7.999968E-1										4.831964E0	-1.766572E1	3.564543E1						
8.166634E-1										4.847051E0	-1.702646E1	3.652586E1						
8.333300E-1										4.850771E0	-1.644834E1	3.481504E1						
8.499966E-1										4.853042E0	-1.586598E1	3.625148E1						
8.666632E-1										4.873582E0	-1.524017E1	3.448225E1						
8.833298E-1				3.991933E0	-1.887523E1					4.879186E0	-1.471688E1	3.344159E1						
8.999964E-1				4.015661E0	-1.833653E1	3.286313E1				4.902277E0	-1.412583E1	3.613237E1						
9.166630E-1				4.000765E0	-1.777984E1	3.413034E1				4.910197E0	-1.351287E1	3.469095E1						
9.333296E-1				4.022611E0	-1.719888E1	3.333800E1				4.913619E0	-1.296952E1	3.420060E1						
9.499962E-1				4.027249E0	-1.666889E1	3.364608E1				4.920056E0	-1.237290E1	3.556349E1						
9.666628E-1				4.036375E0	-1.607743E1	3.517939E1				4.912025E0	-1.178408E1	3.304579E1						
9.833294E-1				4.053979E0	-1.549655E1	3.243603E1				4.914526E0	-1.127139E1	3.314558E1						
9.999960E-1				4.051261E0	-1.499634E1	3.219810E1				4.914637E0	-1.067923E1	3.492712E1						
1.016663E0				4.059023E0	-1.442330E1	3.451520E1				4.906528E0	-1.010718E1	3.259675E1						
1.033329E0				4.064271E0	-1.384591E1	3.216450E1				4.902371E0	-9.592750E0	3.263036E1						
1.049996E0				4.068573E0	-1.335120E1	3.246489E1				4.905022E0	-9.019510E0	3.274368E1						
1.066662E0				4.069122E0	-1.276376E1	3.354469E1				4.908645E0	-8.501316E0	3.096092E1						
1.083329E0				4.069584E0	-1.223304E1	3.135252E1				4.908838E0	-7.987490E0	3.254369E1						
1.099996E0				4.064104E0	-1.171870E1	3.269267E1				4.922881E0	-7.416624E0	3.245882E1						
1.116662E0				4.065253E0	-1.114330E1	3.214005E1				4.948538E0	-6.906263E0	3.040703E1						
1.133329E0				4.057962E0	-1.064738E1	3.096491E1				4.967007E0	-6.404022E0	3.117695E1						
1.149995E0				4.056592E0	-1.011118E1	3.293908E1				4.992423E0	-5.867962E0	2.986188E1						
1.166662E0				4.056821E0	-9.549418E0	3.088651E1				5.016950E0	-5.409883E0	2.865219E1						
1.183329E0				4.056710E0	-9.081633E0	2.913860E1				5.054447E0	-4.914909E0	3.071624E1						
1.199995E0				4.060181E0	-8.578141E0	3.085124E1				5.106638E0	-4.389949E0	2.909594E1						
1.216662E0				4.065188E0	-8.053297E0	2.959923E1				5.170811E0	-3.952054E0	2.696241E1						
1.233328E0				4.071615E0	-7.591570E0	2.909594E1				5.268751E0	-3.505947E0	2.721095E1						
1.249995E0				4.083791E0	-7.083615E0	3.014265E1				5.395746E0	-3.073360E0	2.564569E1						
1.266662E0				4.105131E0	-6.587378E0	2.816998E1				5.546975E0	-2.697637E0	2.618213E1						
1.283328E0				4.130279E0	-6.145771E0	2.778318E1				5.759680E0	-2.280128E0	2.795339E1						
1.299995E0				4.153938E0	-5.662563E0	2.855092E1				5.993723E0	-1.879943E0	2.687259E1						
1.316661E0				4.183407E0	-5.195562E0	2.569020E1				6.241536E0	-1.525025E0	2.785790E1						
1.333328E0				4.231956E0	-4.809788E0	2.485039E1				6.544668E0	-1.132451E0	2.994574E1						
1.349995E0				4.292794E0	-4.374473E0	2.570200E1				6.857718E0	-7.397232E-1	2.846113E1						
1.366661E0				4.379540E0	-3.965866E0	2.273063E1				7.155466E0	-4.065325E-1	2.883575E1						
1.383328E0				4.517139E0	-3.650763E0	2.246845E1				7.485719E0	-1.205829E-2	3.099537E1	4.880067E0	-1.871294E1				
1.399994E0				4.693185E0	-3.285758E0	2.304601E1				7.834895E0	3.718166E-1	2.971101E1	4.869011E0	-1.815828E1	3.590368E1			
1.416661E0				4.907819E0	-2.989329E0	2.129743E1				8.145280E0	7.267237E-1	3.024978E1	4.901028E0	-1.751634E1	3.809500E1			
1.433328E0				5.138853E0	-2.733169E0	2.312711E1				8.496117E0	1.133064E0	3.093156E1	4.887963E0	-1.688859E1	3.571392E1			
1.449994E0				5.472495E0	-2.464515E0	2.538166E1				8.830205E0	1.497397E0	2.958178E1	4.927711E0	-1.632618E1	3.510859E1			
1.466661E0				5.808747E0	-2.216405E0	2.483625E1				9.164356E0	1.858159E0	3.148821E1	4.929145E0	-1.571903E1	3.679049E1			
1.483327E0				6.143106E0	-1.979075E0	2.683004E1				9.556527E0	2.255106E0	3.186461E1	4.934262E0	-1.509985E1	3.503413E1			
1.499994E0				6.554865E0	-1.723316E0	2.795621E1				9.904265E0	2.620193E0	3.037203E1	4.951447E0	-1.455145E1	3.648898E1			
1.516661E0				6.937346E0	-1.491670E0	2.670331E1				1.024464E1	2.997701E0	3.204838E1	4.958388E0	-1.388380E1	3.712774E1			
1.533327E0				7.315958E0	-1.261768E0	2.866867E1				1.063528E1	3.399181E0	3.148920E1	4.968569E0	-1.331398E1	3.362487E1			
1.549994E0				7.761236E0	-1.007507E0	2.890804E1				1.095915E1	3.766607E0	2.909742E1	4.951174E0	-1.276300E1	3.547812E1			
1.566660E0				8.150420E0	-7.799033E-1	2.665543E1				1.129308E1	4.111940E0	3.032838E1	4.953896E0	-1.213147E1	3.559826E1			
1.583327E0				8.529967E0	-5.619703E-1	2.916574E1				1.164613E1	4.508265E0	2.953684E1	4.973836E0	-1.157661E1	3.408541E1			
1.599994E0				8.984705E0	-2.807867E-1	2.955780E1				1.194519E1	4.849583E0	2.864916E1	4.961956E0	-1.099532E1	3.586426E1			
1.616660E0				9.377228E0	-5.909932E-2	2.758763E1				1.227397E1	5.227836E0		4.965484E0	-1.038117E1	3.469057E1			
1.633327E0				9.783971E0	1.739760E-1	3.019743E1							4.955898E0	-9.838990E0	3.266258E1			
1.649993E0				1.025739E1	4.292772E-1	2.995828E1							4.950644E0	-9.292521E0	3.480150E1			
1.666660E0				1.065861E1	6.558684E-1	2.815063E1							4.959524E0	-8.678951E0	3.381465E1			
1.683327E0				1.106294E1	9.105184E-1	3.000420E1							4.956991E0	-8.165388E0	3.190788E1			
1.699993E0				1.152203E1	1.160625E0	2.860337E1							4.972154E0	-7.615434E0	3.351426E1			
1.716660E0				1.189558E1	1.375017E0	2.710472E1							4.979603E0	-7.048480E0	3.160357E1			
1.733326E0				1.229826E1	1.622964E0	2.962221E1							4.990674E0	-6.562149E0	3.126641E1			
1.749993E0				1.274308E1	1.881680E0	2.775287E1							5.016686E0	-6.006930E0	3.261798E1			
1.766660E0				1.309344E1	2.095708E0	2.598496E1							5.056304E0	-5.476870E0	3.043201E1			
1.783326E0				1.347755E1	2.340808E0		4.690865E0	-1.901342E1					5.080422E0	-4.994538E0	3.007674E1			
1.799993E0							4.722875E0	-1.841653E1	3.296545E1				5.132944E0	-4.477249E0	3.103491E1			
1.816659E0							4.691613E0	-1.791458E1	3.370882E1				5.213286E0	-3.968613E0	2.849667E1			
1.833326E0							4.713376E0	-1.729295E1	3.427696E1				5.295584E0	-3.541391E0	2.835063E1			
1.849993E0							4.696494E0	-1.677203E1	3.296105E1				5.423840E0	-3.047350E0	2.903694E1			
1.866659E0							4.704120E0	-1.619429E1	3.529689E1				5.588903E0	-2.619012E0	2.708239E1			
1.883326E0							4.704091E0	-1.559549E1	3.409244E1				5.752214E0	-2.206449E0	2.855230E1			
1.899992E0							4.696483E0	-1.505791E1	3.267697E1				5.990830E0	-1.756306E0	2.908800E1			
1.916659E0							4.690114E0	-1.450635E1	3.465312E1				6.233980E0	-1.365011E0	2.805034E1			
1.933326E0							4.682111E0	-1.390290E1	3.330633E1				6.505474E0	-9.756775E-1	3.097802E1			
1.949992E0							4.685883E0	-1.339616E1	3.218363E1				6.837854E0	-5.273993E-1	3.090976E1			
1.966659E0							4.681430E0	-1.283011E1	3.483611E1				7.105130E0	-1.378383E-1	2.902094E1			
1.983325E0							4.686342E0	-1.223496E1	3.303671E1				7.413255E0	2.502253E-1	3.111464E1			
1.999992E0							4.676693E0	-1.172890E1	3.217327E1				7.739078E0	6.830095E-1	3.073616E1			
2.016659E0							4.668546E0	-1.116267E1	3.396895E1				8.027051E0	1.070546E0	3.004395E1			
2.033325E0							4.665934E0	-1.059666E1	3.224639E1				8.362685E0	1.466616E0	3.283894E1			
2.049992E0							4.658225E0	-1.008784E1	3.223131E1				8.723879E0	1.914725E0	3.133236E1			
2.066658E0							4.644717E0	-9.522498E0	3.305597E1				9.014494E0	2.282663E0	3.058922E1			
2.083325E0							4.638965E0	-8.986148E0	3.028115E1				9.349116E0	2.720168E0	3.269765E1			
2.099992E0							4.624008E0	-8.513342E0	3.067239E1				9.689992E0	3.138012E0	3.043965E1			
2.116658E0							4.622143E0	-7.963878E0	3.121576E1				1.000047E1	3.498148E0	3.144364E1			
2.133325E0							4.623533E0	-7.472821E0	2.881589E1				1.035564E1	3.947616E0	3.311491E1			
2.149991E0							4.628157E0	-7.003371E0	3.018339E1				1.068007E1	4.367963E0	2.992145E1			
2.166658E0	4.757276E0	-1.856855E1					4.638906E0	-6.466830E0	3.049385E1				1.097185E1	4.731865E0	3.043371E1			
2.183325E0	4.756373E0	-1.802624E1	3.168088E1				4.652774E0	-5.987211E0	2.822927E1				1.130756E1	5.165062E0	3.143994E1			
2.199991E0	4.774732E0	-1.751267E1	3.226033E1				4.659144E0	-5.526076E0	2.870884E1				1.161585E1	5.558646E0	2.842105E1			
2.216658E0	4.782414E0	-1.695121E1	3.352747E1				4.699075E0	-5.031375E0	2.723146E1				1.189423E1	5.908921E0				
2.233324E0	4.771538E0	-1.639509E1	3.135835E1				4.730442E0	-4.621168E0	2.587555E1									
2.249991E0	4.783637E0	-1.590594E1	3.106454E1				4.795007E0	-4.174211E0	2.711526E1									
2.266658E0	4.775578E0	-1.535962E1	3.296757E1				4.877554E0	-3.729383E0	2.506949E1									
2.283324E0	4.789743E0	-1.480704E1	3.164519E1				4.988766E0	-3.361338E0	2.366424E1									
2.299991E0	4.800422E0	-1.430508E1	3.176921E1				5.140806E0	-2.985802E0	2.435888E1									
2.316657E0	4.810618E0	-1.374828E1	3.131467E1				5.340335E0	-2.629439E0	2.364361E1									
2.333324E0	4.822279E0	-1.326149E1	2.883995E1				5.565727E0	-2.322048E0	2.473855E1									
2.349991E0	4.841281E0	-1.278744E1	3.089332E1				5.858256E0	-1.987762E0	2.756157E1									
2.366657E0	4.836322E0	-1.223181E1	3.044551E1				6.182991E0	-1.641589E0	2.696590E1									
2.383324E0	4.837600E0	-1.177260E1	2.800397E1				6.484776E0	-1.343230E0	2.739617E1									
2.399990E0	4.830774E0	-1.129836E1	2.982207E1				6.841997E0	-1.009411E0	2.931237E1									
2.416657E0	4.842985E0	-1.077855E1	2.991324E1				7.214476E0	-6.934508E-1	2.787704E1									
2.433324E0	4.833687E0	-1.030127E1	2.821586E1				7.542170E0	-3.984874E-1	2.795733E1									
2.449990E0	4.835209E0	-9.838055E0	2.866134E1				7.910688E0	-7.398333E-2	3.027627E1									
2.466657E0	4.839719E0	-9.345910E0	2.867590E1				8.313675E0	2.521088E-1	2.881301E1									
2.483323E0	4.842449E0	-8.882222E0	2.786307E1				8.655034E0	5.329553E-1	2.924681E1									
2.499990E0	4.850486E0	-8.417207E0	2.846296E1				9.057966E0	8.817436E-1	3.091762E1									
2.516657E0	4.856905E0	-7.933571E0	2.640729E1				9.441619E0	1.198827E0	2.823662E1									
2.533323E0	4.855394E0	-7.536982E0	2.562593E1				9.775887E0	1.490414E0	2.976829E1									
2.549990E0	4.876446E0	-7.079600E0	2.736995E1				1.020495E1	1.832807E0	3.073801E1									
2.566656E0	4.907563E0	-6.626146E0	2.590180E1				1.056934E1	2.138671E0	2.826192E1									
2.583323E0	4.932662E0	-6.218043E0	2.516552E1				1.092506E1	2.440193E0	3.047171E1									
2.599990E0	4.957453E0	-5.788784E0	2.520090E1				1.134350E1	2.796213E0	3.083154E1									
2.616656E0	5.002760E0	-5.380946E0	2.414838E1				1.172052E1	3.090914E0	2.827092E1									
2.633323E0	5.049672E0	-4.989141E0	2.487449E1				1.206172E1	3.406290E0	2.934207E1									
2.649989E0	5.112595E0	-4.559106E0	2.492424E1				1.246003E1	3.731022E0	2.894692E1									
2.666656E0	5.175023E0	-4.167847E0	2.203770E1				1.278450E1	4.045515E0										
2.683323E0	5.276348E0	-3.843003E0	2.212280E1															
2.699989E0	5.401666E0	-3.466116E0	2.268271E1															
2.716656E0	5.545882E0	-3.136590E0	2.174827E1															
2.733322E0	5.736390E0	-2.823079E0	2.307435E1															
2.749989E0	5.961318E0	-2.489294E0	2.253806E1															
2.766656E0	6.189035E0	-2.223486E0	2.232133E1															
2.783322E0	6.453526E0	-1.931326E0	2.518282E1															
2.799989E0	6.775533E0	-1.622942E0	2.542446E1															
2.816655E0	7.046977E0	-1.326317E0	2.434027E1															
2.833322E0	7.338649E0	-1.038843E0	2.531556E1															
2.849989E0	7.654984E0	-7.411607E-1	2.457532E1															
2.866655E0	7.921613E0	-4.633437E-1	2.489310E1															
2.883322E0	8.235094E0	-1.478764E-1	2.649046E1															
2.899988E0	8.563658E0	1.428638E-1	2.547825E1															
2.916655E0	8.871343E0	4.146614E-1	2.533089E1															
2.933322E0	9.194357E0	7.042571E-1	2.754414E1															
2.949988E0	9.556638E0	1.025678E0	2.621168E1															
2.966655E0	9.834709E0	1.298677E0	2.612752E1															
2.983321E0	1.020192E1	1.610577E0	2.823364E1															
2.999988E0	1.053699E1	1.925176E0	2.630453E1															
3.016655E0	1.085459E1	2.196083E0	2.610230E1															
3.033321E0	1.118682E1	2.503751E0	2.802241E1															
3.049988E0	1.154963E1	2.820125E0	2.610023E1															
3.066654E0	1.182408E1	3.096039E0	2.428436E1															
3.083321E0	1.214583E1	3.367661E0	2.510501E1															
3.099988E0	1.243186E1	3.671275E0	2.387594E1													4.884914E0	-1.876705E1	
3.116654E0	1.271075E1	3.928243E0	2.409047E1													4.896520E0	-1.819423E1	3.574089E1
3.133321E0	1.302519E1	4.212369E0														4.897661E0	-1.757576E1	3.922537E1
3.149987E0																4.920330E0	-1.688694E1	3.769091E1
3.166654E0																4.928052E0	-1.631976E1	3.668494E1
3.183321E0																4.941451E0	-1.566430E1	3.845394E1
3.199987E0																4.955520E0	-1.503827E1	3.537145E1
3.216654E0																4.960668E0	-1.448541E1	3.705369E1
3.233320E0																4.977001E0	-1.380333E1	3.840850E1
3.249987E0																4.976522E0	-1.320523E1	3.560901E1
3.266654E0																4.986606E0	-1.261641E1	3.678796E1
3.283320E0																4.980301E0	-1.197898E1	3.641092E1
3.299987E0																4.976570E0	-1.140276E1	3.544112E1
3.316653E0																4.982185E0	-1.079761E1	3.690058E1
3.333320E0																4.966769E0	-1.017279E1	3.543318E1
3.349987E0																4.960528E0	-9.616708E0	3.440097E1
3.366653E0																4.961214E0	-9.026104E0	3.567890E1
3.383320E0																4.962690E0	-8.427418E0	3.365114E1
3.399986E0																4.979849E0	-7.904559E0	3.339790E1
3.416653E0																4.979265E0	-7.314283E0	3.533752E1
3.433320E0																4.990358E0	-6.726693E0	3.228910E1
3.449986E0																5.014940E0	-6.238575E0	3.178667E1
3.466653E0																5.042416E0	-5.668421E0	3.374804E1
3.483319E0																5.058827E0	-5.114502E0	3.177073E1
3.499986E0																5.109830E0	-4.611549E0	3.153339E1
3.516653E0																5.154441E0	-4.067750E0	3.127704E1
3.533319E0																5.240943E0	-3.577262E0	2.857168E1
3.549986E0																5.328872E0	-3.131475E0	2.861646E1
3.566652E0																5.462153E0	-2.649389E0	2.892041E1
3.583319E0																5.612210E0	-2.210044E0	2.796092E1
3.599986E0																5.811617E0	-1.785358E0	3.019525E1
3.616652E0																6.071734E0	-1.314562E0	3.051385E1
3.633319E0																6.318060E0	-9.032822E-1	2.946487E1
3.649985E0																6.603402E0	-4.887506E-1	3.140942E1
3.666652E0																6.916650E0	-4.430023E-2	3.096337E1
3.683319E0																7.199772E0	3.536209E-1	3.075636E1
3.699985E0																7.520820E0	7.839687E-1	3.313238E1
3.716652E0																7.859440E0	1.239373E0	3.223057E1
3.733318E0																8.175705E0	1.635643E0	3.124579E1
3.749985E0																8.500731E0	2.060051E0	3.290073E1
3.766652E0																8.836336E0	2.511022E0	3.246817E1
3.783318E0																9.160908E0	2.917647E0	3.284082E1
3.799985E0																9.514052E0	3.370700E0	3.367694E1
3.816651E0																9.860236E0	3.795760E0	3.181824E1
3.833318E0																1.016857E1	4.205259E0	3.237170E1
3.849985E0																1.051592E1	4.652747E0	3.340846E1
3.866651E0																1.084346E1	5.091067E0	3.061431E1
3.883318E0																1.112917E1	5.468407E0	3.123751E1
3.899984E0																1.147652E1	5.917765E0	3.212696E1
3.916651E0																1.175686E1	6.336052E0	
3.933318E0																		
3.949984E0																1.237164E1	7.158994E0	
